10
NP_001335918.1 100.000000 100.000000 99.540582 100.000000 100.000000 90.180033 100.000000 10.687023 10.992366 11.297710
NP_001335917.1 100.000000 100.000000 99.540582 100.000000 100.000000 90.180033 100.000000 10.687023 10.992366 11.297710
NP_001335916.1 99.540582 99.540582 100.000000 99.540582 99.540582 90.016367 99.540582 11.179173 10.413476 10.566616
NP_001335915.1 100.000000 100.000000 99.540582 100.000000 100.000000 90.180033 100.000000 10.687023 10.992366 11.297710
NP_001335914.1 100.000000 100.000000 99.540582 100.000000 100.000000 90.180033 100.000000 10.687023 10.992366 11.297710
NP_001244315.1 90.180033 90.180033 90.016367 90.180033 90.180033 100.000000 90.180033 12.111293 10.474632 11.456628
NP_004818.2    100.000000 100.000000 99.540582 100.000000 100.000000 90.180033 100.000000 10.687023 10.992366 11.297710
NP_001266611.1 10.687023 10.687023 11.179173 10.687023 10.687023 12.111293 10.687023 100.000000 73.826458 75.391181
NP_001040087.1 10.992366 10.992366 10.413476 10.992366 10.992366 10.474632 10.992366 73.826458 100.000000 97.749648
NP_776647.1    11.297710 11.297710 10.566616 11.297710 11.297710 11.456628 11.297710 75.391181 97.749648 100.000000
