10
KAJ7421106.1   100.000000 94.134078 86.871508 85.195531 89.106145 86.033520 89.944134 91.620112 93.016760 91.340782
KAJ7396366.1   94.134078 100.000000 85.195531 85.195531 87.709497 84.357542 90.502793 91.340782 94.972067 91.620112
KAI6072612.1   86.871508 85.195531 100.000000 78.491620 90.782123 97.486034 84.078212 84.636872 85.195531 84.916201
KAI1230272.1   85.195531 85.195531 78.491620 100.000000 80.726257 77.653631 89.385475 89.106145 83.519553 90.223464
XP_040473657.1 89.106145 87.709497 90.782123 80.726257 100.000000 89.944134 86.871508 86.312849 86.312849 87.430168
XP_040392851.1 86.033520 84.357542 97.486034 77.653631 89.944134 100.000000 83.240223 83.798883 84.357542 84.078212
XP_039553177.1 89.944134 90.502793 84.078212 89.385475 86.871508 83.240223 100.000000 93.575419 89.106145 97.486034
XP_010411101.1 91.620112 91.340782 84.636872 89.106145 86.312849 83.798883 93.575419 100.000000 90.223464 94.134078
XP_027601652.2 93.016760 94.972067 85.195531 83.519553 86.312849 84.357542 89.106145 90.223464 100.000000 89.944134
XP_038019160.1 91.340782 91.620112 84.916201 90.223464 87.430168 84.078212 97.486034 94.134078 89.944134 100.000000
